[51.8, 55.7, 52.9, 57.6, 44.3, 50.8, 58.0, 61.0, 59.4, 59.0, 67.8, 58.2, 59.9, 52.6, 50.7, 54.8, 51.9, 50.6, 65.3, 58.8, 59.9, 62.1, 67.0, 48.0, 65.0, 45.5, 59.6, 54.1, 57.7, 60.8, 55.1, 59.0, 50.4, 62.7, 46.9, 72.4, 55.1, 69.8, 46.5, 55.3, 55.3, 53.6, 65.1, 59.1, 47.0, 68.2, 45.4, 70.4, 60.5, 54.2, 55.1, 61.9, 53.2, 52.2, 56.8, 65.2, 42.9, 67.0, 53.3, 59.3, 45.2, 46.5, 61.1, 53.8, 49.8, 47.6, 54.0, 57.4, 43.0, 45.0, 48.6, 75.0, 58.3, 58.0, 53.2, 46.3, 50.9, 42.4, 62.9, 45.2, 45.2, 56.6, 47.4, 44.5, 46.8, 56.0, 43.5, 57.0, 44.0, 57.4, 50.4, 50.3, 59.8, 45.0, 48.1, 48.6, 56.9, 48.3, 55.7, 50.9, 60.5, 59.5, 52.1, 47.7, 65.4, 50.8, 51.6, 51.5, 44.7, 57.7, 49.4, 61.6, 47.1, 52.3, 55.0, 47.9, 50.5, 53.4, 54.4, 54.2, 54.2, 44.8, 44.5, 42.8, 42.7, 57.6, 43.6, 48.8, 47.5, 50.1, 45.3, 43.9, 52.0, 57.3, 45.3, 48.5, 44.9, 46.9, 48.1, 46.7, 46.4, 43.7, 43.9, 54.2, 50.0, 48.5, 53.5, 46.1, 59.3, 56.4, 47.6, 49.9, 45.2, 57.0, 43.7, 44.4, 43.4, 44.3, 43.8, 44.8, 47.1, 48.1, 46.1, 46.9, 41.2, 72.1, 46.2, 55.0, 53.3, 44.8, 50.6, 43.3, 47.7, 48.0, 52.4, 51.9, 47.3, 43.4, 45.2, 53.4]
[66.5, 50.4, 69.9, 53.8, 56.7, 54.4, 56.2, 48.4, 51.2, 47.2, 57.9, 64.2, 62.8, 53.2, 51.8, 60.5, 56.1, 51.2, 50.7, 53.8, 68.9, 62.0, 50.0, 53.4, 51.4, 47.0, 65.7, 58.3, 54.2, 58.2, 59.7, 57.0, 58.4, 54.9, 50.1, 69.6, 58.3, 60.7, 59.9, 62.1, 57.0, 70.7, 61.5, 59.1, 58.3, 61.9, 58.4, 62.2, 49.8, 55.5, 56.0, 63.3, 53.6, 59.1, 48.5, 50.9, 65.2, 78.2, 51.8, 56.8, 45.5, 56.7, 54.9, 52.3, 57.3, 64.4, 49.1, 56.2, 57.9, 50.1, 61.9, 40.5, 49.8, 53.2, 51.6, 65.4, 49.2, 43.9, 51.2, 50.2, 45.2, 62.0, 68.3, 51.5, 48.0, 57.8, 44.9, 54.2, 65.6, 57.5, 57.4, 52.3, 53.8, 50.9, 46.3, 61.5, 59.2, 51.3, 52.9, 60.2, 48.8, 52.2, 49.3, 55.7, 48.5, 58.5, 60.6, 52.0, 60.9, 45.7, 55.9, 52.1, 57.6, 52.6, 45.0, 51.2, 52.5, 62.8, 50.5, 68.0, 47.8, 50.1, 42.8, 46.5, 42.5, 57.3, 65.8, 50.9, 44.9, 49.6, 45.7, 43.9, 43.1, 60.8, 61.6, 42.7, 44.4, 45.0, 46.1, 44.1, 45.1, 43.2, 56.6, 46.3, 53.6, 44.2, 42.8, 49.2, 45.3, 46.4, 44.7, 48.7, 44.4, 47.3, 45.7, 48.1, 43.1, 49.9, 45.3, 43.7, 43.1, 53.4, 53.5, 51.2, 45.4, 46.6, 63.4, 56.9, 45.0, 43.5, 49.2, 48.8, 45.4, 50.3, 46.1, 52.2, 50.9, 46.0, 56.2, 47.0]
[60.0, 60.1, 58.1, 62.1, 54.5, 50.2, 54.6, 58.8, 45.0, 43.7, 49.2, 56.7, 63.2, 53.5, 56.8, 50.8, 46.2, 61.3, 47.6, 52.8, 64.8, 50.5, 56.6, 51.6, 63.8, 54.7, 47.1, 63.4, 44.6, 57.3, 77.6, 51.9, 48.6, 59.4, 49.6, 54.8, 57.9, 56.5, 55.7, 57.4, 55.1, 52.5, 55.9, 63.2, 52.6, 51.7, 56.1, 44.8, 54.9, 57.0, 49.2, 45.5, 58.0, 58.8, 55.2, 46.1, 50.8, 54.0, 58.2, 64.1, 56.5, 61.9, 54.0, 48.6, 63.0, 43.7, 60.7, 56.9, 50.5, 47.2, 56.3, 56.8, 44.9, 51.4, 56.4, 45.4, 48.8, 57.5, 62.8, 54.2, 50.7, 50.1, 57.7, 52.9, 50.3, 49.7, 52.7, 47.7, 66.3, 44.3, 49.7, 54.0, 45.0, 43.9, 49.8, 45.8, 53.5, 44.0, 48.5, 65.6, 55.5, 59.8, 62.6, 69.3, 52.6, 53.9, 56.8, 45.0, 43.3, 59.1, 70.9, 57.4, 62.2, 50.0, 53.8, 57.2, 50.9, 46.7, 49.4, 57.4, 50.6, 47.5, 45.5, 49.4, 52.7, 43.6, 59.5, 66.7, 44.0, 53.5, 43.9, 48.7, 46.5, 50.2, 46.6, 43.0, 43.6, 46.1, 55.3, 52.8, 43.4, 60.2, 58.9, 49.5, 52.5, 45.8, 45.4, 51.8, 53.8, 52.6, 54.9, 48.2, 47.2, 46.1, 47.4, 54.2, 50.6, 43.0, 50.1, 47.6, 55.3, 53.0, 52.5, 45.5, 57.5, 46.4, 46.0, 44.7, 44.6, 46.7, 46.6, 49.7, 50.3, 47.3, 52.5, 42.8, 61.6, 48.2, 54.9, 44.1]
[60.5, 67.3, 68.1, 50.4, 64.1, 58.3, 67.0, 54.2, 47.8, 69.6, 55.2, 55.2, 52.5, 71.8, 72.4, 43.5, 56.5, 57.5, 51.4, 69.3, 61.2, 45.2, 66.8, 53.3, 65.7, 49.6, 59.9, 60.5, 54.3, 67.8, 56.6, 48.9, 60.3, 61.4, 65.3, 54.7, 57.1, 60.6, 64.6, 55.9, 60.5, 63.1, 53.0, 55.4, 54.8, 49.6, 59.5, 71.6, 46.7, 66.4, 67.1, 59.3, 69.1, 68.3, 52.3, 63.3, 49.9, 57.6, 55.4, 54.0, 55.5, 62.7, 58.8, 50.4, 58.0, 54.7, 49.1, 44.6, 62.4, 59.3, 44.6, 50.1, 66.9, 58.9, 54.4, 45.7, 64.2, 51.1, 46.9, 52.2, 51.5, 48.7, 51.7, 56.0, 61.3, 52.7, 44.8, 57.2, 61.8, 46.7, 52.6, 46.0, 45.9, 54.2, 50.3, 54.0, 58.2, 52.5, 57.5, 54.5, 50.8, 55.0, 55.4, 51.6, 53.0, 46.8, 60.7, 52.3, 62.4, 45.3, 51.0, 66.0, 70.0, 57.2, 59.0, 55.0, 54.4, 49.6, 49.0, 51.8, 53.7, 42.3, 42.2, 43.8, 63.8, 50.6, 42.1, 44.6, 43.3, 46.4, 57.1, 46.0, 42.8, 52.3, 45.9, 44.4, 44.8, 49.4, 45.5, 46.6, 47.8, 48.3, 45.8, 45.4, 46.1, 44.2, 47.2, 44.1, 44.4, 45.6, 56.3, 43.2, 42.9, 44.7, 46.8, 44.5, 54.5, 42.0, 42.6, 45.1, 48.0, 44.0, 42.8, 43.5, 66.7, 42.4, 53.4, 47.3, 46.8, 53.5, 49.6, 44.4, 58.2, 42.1, 45.1, 46.5, 43.1, 42.9, 64.1, 48.5]
[63.1, 68.8, 63.5, 59.5, 69.7, 54.7, 53.2, 65.6, 61.7, 62.7, 61.5, 50.5, 47.8, 53.1, 52.4, 55.3, 48.6, 57.3, 59.4, 52.1, 65.8, 54.1, 55.6, 49.1, 62.1, 66.8, 61.0, 61.4, 55.7, 52.5, 69.3, 54.4, 64.2, 47.8, 66.4, 53.2, 59.9, 52.1, 57.9, 69.8, 49.6, 67.5, 65.2, 48.0, 62.2, 62.1, 67.7, 76.4, 53.4, 51.2, 55.0, 62.1, 58.3, 55.6, 66.1, 45.2, 58.5, 64.5, 64.5, 49.0, 54.1, 58.1, 51.8, 55.4, 45.0, 67.1, 50.0, 60.0, 54.4, 43.5, 52.1, 55.4, 47.1, 55.4, 57.1, 59.6, 49.3, 45.4, 48.6, 51.5, 52.0, 57.2, 52.6, 44.9, 47.8, 49.0, 57.3, 73.2, 68.5, 47.8, 64.4, 45.2, 55.2, 56.3, 44.6, 47.9, 51.0, 44.9, 45.6, 56.0, 49.7, 46.8, 50.1, 63.3, 58.3, 53.5, 45.7, 60.9, 51.7, 61.6, 58.5, 55.6, 49.6, 45.8, 43.1, 54.1, 49.2, 52.9, 54.1, 42.9, 47.6, 49.0, 57.1, 48.6, 46.2, 46.7, 44.4, 56.2, 45.1, 54.0, 54.8, 55.3, 54.1, 56.6, 45.2, 60.1, 51.8, 43.6, 51.4, 42.4, 48.6, 45.4, 56.3, 52.0, 43.8, 50.3, 49.5, 45.0, 50.1, 48.9, 44.4, 45.9, 48.1, 50.2, 44.0, 47.9, 45.7, 50.6, 52.2, 56.2, 42.3, 49.3, 43.1, 50.7, 45.0, 63.0, 43.9, 44.9, 52.8, 43.9, 50.3, 55.4, 42.8, 50.4, 47.8, 51.4, 49.8, 51.8, 48.4, 50.8]
[64.5, 52.7, 41.0, 71.8, 78.3, 50.9, 51.5, 63.0, 47.8, 66.8, 69.8, 60.2, 53.0, 48.1, 63.1, 55.1, 58.7, 64.3, 54.9, 57.4, 57.3, 61.2, 53.0, 60.9, 65.8, 55.0, 70.4, 48.8, 60.2, 68.7, 68.1, 57.2, 65.6, 60.5, 53.9, 65.6, 53.1, 53.8, 65.5, 69.5, 56.4, 55.1, 48.5, 53.7, 61.5, 52.7, 58.0, 50.5, 61.9, 50.5, 59.8, 51.9, 55.2, 54.1, 58.9, 59.8, 59.7, 64.3, 46.8, 63.9, 43.3, 43.7, 45.5, 50.0, 44.1, 58.2, 54.2, 50.4, 45.7, 44.6, 55.2, 55.2, 60.1, 60.4, 58.8, 58.4, 51.0, 51.2, 56.7, 47.0, 48.5, 62.2, 49.8, 46.7, 45.1, 48.3, 58.9, 60.9, 46.5, 55.9, 59.5, 53.7, 55.2, 51.2, 53.9, 44.4, 52.6, 44.8, 55.5, 59.6, 46.4, 63.5, 57.5, 50.5, 57.4, 48.2, 44.0, 52.8, 67.0, 57.8, 55.0, 58.7, 54.3, 49.0, 47.9, 50.9, 43.5, 51.3, 56.8, 55.9, 50.9, 48.1, 43.7, 45.7, 47.9, 44.3, 44.7, 45.1, 42.2, 46.2, 47.9, 44.8, 49.6, 46.5, 58.7, 48.3, 49.1, 49.1, 42.3, 45.8, 43.0, 48.8, 46.2, 46.9, 54.3, 49.1, 47.5, 47.3, 45.3, 47.8, 47.4, 52.6, 47.9, 50.1, 49.6, 50.1, 42.8, 62.2, 59.8, 49.9, 45.3, 54.8, 45.6, 48.1, 50.4, 42.9, 53.6, 50.2, 49.4, 43.0, 58.8, 56.5, 48.4, 45.8, 52.9, 50.9, 43.4, 48.8, 48.4, 44.1]
[51.8, 65.2, 53.1, 59.7, 55.8, 67.3, 75.2, 73.4, 49.7, 57.1, 56.4, 67.8, 63.6, 63.6, 58.0, 55.3, 50.0, 61.5, 61.9, 51.0, 55.2, 48.3, 58.4, 66.0, 58.6, 49.1, 61.4, 55.7, 65.0, 46.4, 66.4, 75.2, 74.8, 65.1, 70.6, 58.2, 53.3, 56.1, 62.1, 61.4, 57.5, 53.3, 49.2, 46.1, 46.2, 55.9, 60.2, 57.2, 56.0, 54.4, 67.0, 64.3, 53.7, 55.0, 60.2, 50.6, 43.7, 56.1, 54.7, 62.6, 56.8, 47.4, 54.6, 64.6, 63.4, 45.9, 67.5, 47.7, 58.4, 57.3, 48.1, 61.7, 53.5, 49.2, 54.9, 53.5, 51.5, 59.0, 57.7, 50.9, 54.6, 49.9, 56.8, 48.8, 44.0, 51.5, 57.6, 61.6, 56.3, 50.3, 70.6, 51.5, 56.1, 52.4, 52.2, 53.4, 50.2, 65.3, 47.4, 47.5, 48.4, 64.2, 51.3, 53.8, 52.5, 54.9, 54.4, 50.5, 52.2, 51.2, 52.0, 43.0, 48.5, 47.1, 53.4, 52.6, 53.2, 48.9, 59.1, 57.7, 63.5, 47.5, 49.9, 43.4, 52.6, 43.0, 46.8, 43.3, 46.3, 47.1, 43.7, 47.9, 54.4, 58.2, 51.9, 42.1, 50.3, 43.3, 62.8, 52.5, 46.0, 48.1, 45.9, 50.8, 51.3, 51.3, 48.3, 67.1, 45.7, 43.4, 56.9, 45.6, 51.7, 43.3, 49.5, 43.2, 52.0, 44.1, 51.3, 45.1, 42.8, 43.4, 45.1, 43.8, 62.6, 49.1, 45.6, 43.8, 43.3, 44.7, 48.4, 57.4, 46.0, 42.7, 48.7, 44.7, 54.4, 45.5, 47.0, 45.2]
[73.3, 69.2, 55.8, 47.3, 50.5, 53.5, 65.6, 46.1, 53.7, 49.1, 62.6, 62.3, 58.5, 58.2, 49.6, 61.2, 46.3, 62.9, 61.9, 57.2, 72.7, 58.1, 59.0, 60.4, 54.1, 69.9, 49.1, 60.2, 55.2, 51.4, 70.3, 56.3, 61.9, 65.1, 61.8, 50.5, 59.2, 45.6, 71.2, 49.1, 59.9, 54.6, 68.0, 62.3, 70.1, 57.6, 52.6, 63.1, 63.7, 61.5, 59.3, 51.8, 59.2, 57.9, 51.6, 61.5, 68.5, 54.7, 50.5, 50.1, 46.0, 50.1, 53.4, 45.1, 45.6, 51.8, 47.9, 58.3, 53.3, 45.4, 65.2, 53.6, 60.0, 61.1, 52.1, 52.2, 47.0, 54.5, 52.6, 57.9, 43.3, 58.3, 50.5, 45.1, 43.2, 56.2, 64.3, 60.2, 55.4, 45.2, 50.1, 55.7, 56.0, 56.0, 59.8, 60.3, 50.9, 53.6, 49.0, 52.8, 68.6, 62.5, 54.3, 51.5, 52.0, 53.2, 48.4, 64.3, 59.3, 54.2, 56.5, 54.2, 48.4, 51.4, 58.9, 49.9, 44.4, 50.8, 56.4, 62.7, 53.8, 52.4, 42.8, 70.5, 45.5, 44.5, 49.1, 49.5, 43.7, 48.1, 49.4, 49.7, 48.6, 43.0, 44.6, 44.2, 46.8, 60.0, 49.5, 52.6, 46.4, 46.6, 49.1, 49.4, 48.3, 43.2, 47.2, 44.4, 53.1, 44.6, 45.1, 49.1, 49.2, 45.3, 44.9, 46.9, 51.9, 50.1, 42.7, 43.1, 42.5, 46.4, 42.7, 42.2, 44.3, 43.0, 49.7, 44.4, 57.3, 50.8, 51.6, 48.3, 43.8, 50.0, 45.6, 43.4, 51.7, 44.5, 53.3, 42.4]
[57.0, 66.4, 67.4, 48.0, 63.0, 61.7, 53.3, 57.7, 49.6, 52.6, 72.4, 50.3, 48.9, 55.7, 49.5, 54.8, 64.4, 55.3, 73.9, 62.9, 59.5, 48.7, 56.9, 45.1, 53.6, 54.2, 66.9, 51.7, 70.9, 51.2, 55.5, 58.3, 54.3, 57.7, 47.5, 67.9, 52.2, 46.8, 47.6, 70.6, 72.1, 50.0, 52.8, 50.4, 63.5, 50.9, 48.3, 51.3, 42.8, 53.6, 65.4, 52.4, 50.4, 50.1, 67.9, 76.9, 58.3, 56.2, 59.6, 61.5, 59.6, 56.5, 50.0, 55.1, 51.7, 52.5, 64.7, 51.9, 49.9, 43.3, 49.7, 55.9, 45.0, 54.7, 45.2, 44.7, 59.3, 48.0, 50.9, 72.7, 45.5, 50.4, 61.3, 59.6, 55.6, 46.7, 48.6, 65.3, 63.1, 43.1, 44.4, 49.8, 58.8, 54.7, 67.8, 49.5, 53.0, 56.0, 58.7, 57.8, 62.4, 52.1, 53.4, 53.1, 51.9, 47.0, 46.1, 63.4, 44.4, 61.6, 61.4, 54.8, 58.8, 43.6, 51.5, 54.7, 70.2, 48.0, 53.4, 48.2, 63.5, 45.7, 51.9, 49.1, 49.1, 61.9, 45.0, 57.3, 55.7, 58.5, 54.6, 46.6, 48.1, 43.1, 44.9, 47.0, 45.2, 45.9, 46.4, 44.9, 43.1, 47.4, 49.1, 45.8, 45.0, 45.3, 47.3, 48.0, 50.7, 52.3, 49.3, 57.3, 50.8, 44.6, 45.5, 55.6, 49.0, 48.4, 46.1, 43.2, 46.9, 48.9, 49.6, 48.1, 50.6, 43.1, 45.9, 50.0, 49.6, 53.9, 44.3, 42.7, 54.3, 52.4, 53.7, 45.9, 45.0, 57.4, 57.3, 45.4]
[51.1, 64.3, 58.7, 63.8, 50.7, 59.9, 59.7, 52.9, 67.5, 65.7, 70.1, 65.2, 61.9, 67.9, 58.4, 46.1, 53.6, 68.4, 66.2, 52.7, 54.1, 48.2, 53.5, 49.1, 52.0, 49.7, 65.5, 49.9, 69.3, 54.0, 58.4, 43.2, 55.2, 50.3, 49.6, 52.8, 49.0, 61.1, 51.4, 64.8, 64.7, 65.4, 49.7, 64.6, 44.3, 64.6, 47.6, 57.2, 67.3, 45.0, 54.6, 62.2, 60.7, 51.9, 51.6, 48.4, 60.4, 54.0, 62.6, 46.7, 64.4, 54.1, 49.7, 50.2, 46.9, 52.9, 47.6, 65.7, 46.5, 46.8, 43.7, 58.2, 47.6, 45.0, 49.7, 50.0, 52.9, 55.7, 46.7, 57.9, 58.9, 45.8, 49.1, 69.2, 46.4, 44.9, 56.0, 51.5, 54.5, 47.7, 51.9, 58.5, 58.5, 62.0, 50.1, 43.7, 49.1, 59.8, 49.5, 55.9, 46.8, 54.0, 57.6, 53.5, 50.7, 43.9, 62.8, 58.5, 52.1, 48.9, 65.6, 67.7, 50.1, 44.6, 47.0, 58.1, 63.8, 57.2, 48.6, 51.0, 45.4, 46.4, 43.1, 44.1, 56.5, 46.7, 50.6, 54.7, 58.1, 44.3, 47.9, 50.1, 54.4, 46.0, 43.0, 45.6, 50.6, 53.8, 48.4, 43.5, 45.1, 42.4, 50.9, 43.9, 43.7, 46.0, 42.3, 58.0, 43.9, 46.4, 45.2, 45.9, 43.9, 44.2, 44.2, 52.5, 43.7, 42.1, 46.0, 52.6, 49.5, 42.9, 57.4, 46.0, 48.5, 59.3, 56.4, 49.3, 45.8, 43.1, 43.3, 42.2, 54.3, 61.5, 42.5, 57.8, 60.8, 45.7, 47.1, 44.4]
[52.8, 71.4, 54.7, 45.3, 55.7, 62.9, 54.3, 51.9, 57.3, 56.8, 57.1, 62.5, 55.0, 45.1, 63.5, 52.3, 54.1, 63.5, 62.9, 69.2, 59.1, 59.0, 64.2, 68.2, 51.8, 53.2, 62.5, 56.1, 56.5, 65.9, 57.7, 55.2, 58.3, 51.2, 56.9, 52.9, 56.1, 56.4, 60.7, 53.6, 55.7, 67.6, 56.9, 45.1, 70.6, 50.5, 58.3, 52.0, 57.6, 58.3, 51.0, 56.6, 53.7, 73.9, 55.4, 59.0, 61.8, 53.8, 58.3, 49.7, 59.4, 46.5, 44.0, 69.3, 50.8, 49.8, 48.3, 47.2, 52.4, 57.7, 48.3, 74.2, 66.6, 53.9, 57.2, 61.8, 45.9, 50.6, 46.8, 47.7, 56.4, 59.1, 58.2, 46.5, 59.7, 50.4, 44.1, 50.0, 63.1, 65.0, 56.5, 59.4, 61.9, 53.8, 45.2, 63.6, 63.3, 50.4, 56.8, 47.2, 55.6, 51.4, 50.1, 64.0, 53.1, 51.6, 47.1, 54.8, 49.3, 56.6, 52.1, 45.0, 45.3, 43.7, 48.3, 48.4, 57.9, 59.2, 58.7, 47.4, 45.5, 43.8, 46.8, 51.3, 49.6, 43.9, 43.6, 48.1, 46.7, 44.9, 58.4, 58.0, 55.0, 46.2, 47.5, 56.4, 45.8, 48.9, 47.1, 54.4, 53.8, 44.9, 43.1, 54.6, 47.9, 44.0, 47.8, 48.0, 60.2, 51.6, 44.6, 43.5, 68.0, 52.5, 56.5, 46.1, 43.9, 45.5, 49.8, 47.6, 52.8, 43.6, 54.0, 48.3, 43.1, 44.2, 43.1, 47.8, 44.2, 57.8, 44.6, 42.0, 44.2, 57.1, 43.3, 60.4, 46.0, 44.9, 59.1, 43.7]
[62.4, 57.6, 56.9, 55.2, 63.9, 62.9, 68.6, 54.8, 52.4, 50.9, 74.2, 62.8, 55.7, 57.8, 56.3, 59.4, 66.1, 62.0, 53.6, 56.6, 63.3, 71.6, 60.7, 59.4, 58.7, 50.1, 65.5, 59.1, 55.6, 56.1, 63.6, 45.0, 51.7, 65.3, 47.2, 56.9, 65.5, 60.3, 54.7, 62.8, 55.1, 44.8, 52.1, 57.6, 48.3, 62.0, 65.9, 51.4, 61.7, 48.8, 56.1, 57.5, 57.8, 56.7, 51.2, 45.3, 60.0, 48.2, 59.8, 52.2, 53.2, 62.6, 55.7, 67.9, 55.8, 51.4, 44.9, 61.2, 50.0, 44.8, 49.2, 50.8, 50.4, 50.9, 48.4, 50.1, 47.4, 51.2, 45.8, 59.8, 54.2, 61.6, 68.0, 52.4, 49.6, 62.8, 55.9, 47.1, 62.9, 47.2, 48.9, 50.6, 54.8, 51.2, 46.4, 62.0, 58.7, 47.4, 64.8, 45.3, 59.1, 52.5, 44.2, 51.5, 64.1, 53.1, 54.9, 43.3, 57.7, 44.0, 47.5, 44.0, 49.5, 58.5, 51.6, 43.8, 46.2, 52.6, 48.1, 51.7, 43.9, 45.7, 58.8, 43.5, 45.1, 44.0, 45.8, 51.6, 43.9, 50.7, 63.0, 61.6, 45.0, 46.0, 54.4, 55.4, 45.5, 46.4, 44.2, 42.4, 49.6, 44.6, 54.6, 43.5, 43.2, 49.4, 45.4, 44.1, 43.8, 53.0, 45.7, 59.0, 47.0, 50.6, 49.3, 57.0, 43.9, 58.5, 51.3, 44.1, 58.9, 48.4, 57.5, 50.9, 43.7, 45.9, 43.2, 48.4, 44.9, 51.7, 49.1, 46.6, 48.1, 43.3, 51.6, 45.1, 42.8, 42.9, 47.3, 45.5]
[128.3, 131.8, 136.0, 122.9, 133.0, 105.1, 128.4, 121.5, 121.1, 134.6, 126.2, 169.1, 131.1, 212.0, 129.5, 114.5, 136.9, 127.0, 114.1, 147.9, 125.1, 124.4, 140.9, 96.8, 128.1, 106.4, 127.7, 134.4, 120.1, 120.7, 155.6, 126.0, 149.6, 114.9, 130.6, 129.2, 122.7, 134.2, 141.5, 129.2, 150.8, 133.4, 118.5, 121.8, 110.4, 146.6, 117.6, 128.6, 121.2, 149.2, 144.0, 156.9, 117.4, 117.8, 155.6, 125.7, 106.6, 121.9, 121.9, 113.3, 109.9, 97.7, 111.3, 114.3, 111.8, 118.7, 134.8, 112.1, 109.2, 113.9, 117.9, 123.8, 104.6, 123.3, 110.0, 123.5, 140.2, 119.8, 127.9, 139.9, 101.3, 111.0, 103.1, 115.6, 142.8, 110.8, 119.5, 123.7, 133.0, 119.0, 125.6, 128.7, 119.3, 113.3, 127.4, 136.1, 114.0, 129.7, 102.9, 96.4, 132.9, 110.1, 108.1, 113.6, 120.3, 97.1, 126.2, 126.5, 100.6, 98.7, 134.2, 126.6, 126.2, 112.4, 112.5, 112.2, 128.8, 125.8, 104.0, 102.1, 87.1, 86.5, 108.8, 86.4, 77.7, 84.5, 109.1, 102.2, 98.0, 117.7, 89.9, 88.3, 113.2, 99.3, 101.0, 113.3, 85.4, 86.3, 93.7, 94.0, 92.5, 81.8, 80.5, 90.2, 100.0, 105.4, 102.7, 109.1, 105.1, 89.6, 91.6, 93.8, 94.6, 76.6, 99.9, 86.1, 81.5, 97.4, 90.8, 88.0, 91.5, 100.2, 103.7, 108.5, 99.8, 97.1, 99.4, 81.4, 97.8, 85.4, 95.0, 102.5, 89.6, 96.1, 90.9, 89.3, 88.5, 89.3, 111.6, 109.4]
[110.8, 115.8, 131.5, 128.2, 146.7, 128.4, 138.4, 123.9, 105.6, 140.0, 135.4, 140.5, 174.8, 118.4, 131.5, 112.3, 133.3, 118.6, 121.4, 137.5, 134.8, 121.3, 137.5, 124.3, 112.0, 138.4, 133.3, 135.1, 116.4, 142.1, 134.9, 116.0, 119.0, 108.3, 148.0, 127.7, 128.0, 117.9, 119.6, 133.4, 141.7, 114.5, 114.6, 124.7, 108.5, 154.3, 125.6, 136.5, 148.0, 124.7, 134.7, 110.7, 122.0, 99.9, 143.0, 154.3, 124.5, 123.9, 122.8, 143.8, 120.5, 97.6, 109.3, 99.5, 133.4, 121.6, 114.2, 112.4, 118.2, 101.6, 114.8, 115.4, 123.8, 92.7, 112.9, 112.7, 126.2, 104.8, 115.1, 130.0, 120.5, 130.4, 128.7, 107.6, 115.8, 129.7, 141.6, 113.2, 112.8, 106.1, 129.2, 109.8, 102.2, 109.9, 104.2, 126.8, 113.3, 103.1, 113.1, 101.8, 110.5, 103.9, 110.6, 94.7, 127.3, 110.5, 104.5, 112.9, 111.0, 103.7, 116.2, 100.3, 125.4, 107.9, 141.1, 116.5, 96.1, 109.3, 135.5, 107.3, 100.9, 93.5, 102.4, 104.4, 95.6, 91.9, 92.7, 101.6, 91.2, 95.3, 79.4, 97.0, 82.5, 92.0, 104.7, 102.7, 98.6, 99.4, 112.5, 92.1, 126.1, 88.8, 96.9, 95.2, 89.5, 99.6, 98.6, 90.9, 94.8, 99.2, 95.5, 87.2, 87.9, 101.3, 87.0, 87.1, 103.1, 82.9, 86.3, 90.0, 98.2, 104.0, 87.4, 100.7, 110.7, 83.1, 103.9, 94.0, 100.5, 104.6, 92.1, 108.8, 104.9, 84.0, 85.2, 109.1, 105.9, 99.1, 100.5, 106.1]
[122.6, 138.8, 124.9, 116.1, 165.9, 184.1, 143.9, 158.2, 140.9, 142.5, 150.0, 134.4, 180.9, 114.9, 137.3, 174.0, 144.8, 123.8, 133.2, 116.4, 115.0, 104.8, 201.5, 117.8, 141.0, 112.4, 127.5, 133.2, 142.8, 134.5, 106.6, 135.9, 130.2, 136.3, 130.3, 119.9, 160.9, 127.5, 123.6, 118.6, 119.3, 126.1, 109.3, 123.6, 147.2, 134.9, 125.6, 100.7, 129.8, 110.9, 137.8, 132.1, 117.5, 129.7, 121.1, 122.5, 129.3, 134.8, 136.4, 154.8, 110.7, 112.3, 110.6, 103.7, 118.9, 122.6, 112.2, 113.2, 127.6, 129.7, 105.6, 109.5, 117.9, 99.3, 113.5, 138.2, 126.5, 104.5, 106.8, 126.1, 103.5, 121.7, 103.9, 117.9, 120.9, 125.2, 99.9, 108.2, 106.1, 118.4, 122.8, 103.4, 129.0, 132.1, 119.0, 145.3, 107.9, 127.4, 118.9, 119.6, 144.3, 95.0, 128.3, 119.2, 122.3, 109.9, 93.2, 126.0, 118.2, 109.6, 116.9, 123.6, 125.4, 129.4, 112.8, 122.2, 125.9, 106.9, 110.4, 137.1, 108.9, 83.1, 111.2, 89.2, 89.3, 83.0, 98.3, 113.6, 111.6, 93.8, 95.9, 107.8, 98.1, 99.0, 115.1, 85.4, 99.9, 103.4, 92.6, 82.6, 92.7, 102.8, 104.9, 79.2, 108.5, 102.3, 93.6, 93.5, 109.3, 102.3, 99.6, 82.5, 84.7, 100.1, 92.2, 90.7, 103.8, 101.8, 106.1, 95.8, 93.3, 100.2, 90.5, 107.9, 81.7, 112.2, 102.9, 111.5, 94.1, 83.2, 90.5, 119.3, 84.3, 98.2, 100.3, 93.6, 85.7, 90.7, 94.3, 93.0]
[129.9, 129.0, 113.7, 156.7, 129.2, 176.5, 154.9, 119.2, 148.1, 109.1, 135.7, 148.2, 121.3, 132.5, 115.0, 117.8, 141.0, 120.5, 122.1, 133.6, 118.2, 118.5, 155.9, 134.0, 127.2, 128.6, 118.3, 151.6, 109.8, 140.3, 122.3, 119.6, 114.0, 120.7, 146.1, 120.6, 130.5, 107.2, 129.8, 130.2, 121.1, 146.6, 126.0, 111.2, 138.5, 123.1, 130.3, 114.4, 113.1, 137.4, 111.5, 121.2, 111.3, 106.5, 133.7, 142.9, 120.3, 120.6, 99.2, 115.3, 125.2, 121.1, 115.5, 126.4, 136.5, 133.7, 102.9, 121.1, 123.3, 106.8, 96.3, 126.6, 123.9, 107.1, 97.7, 107.4, 116.9, 119.2, 119.1, 107.8, 138.9, 119.9, 98.2, 132.4, 126.9, 139.3, 113.0, 108.5, 112.4, 103.2, 102.5, 121.0, 118.3, 112.1, 123.0, 114.7, 106.2, 112.6, 123.6, 100.7, 102.3, 131.6, 118.2, 126.4, 108.4, 99.2, 101.8, 96.1, 113.2, 100.9, 125.1, 135.2, 110.0, 114.4, 120.7, 125.6, 121.7, 114.9, 134.6, 104.1, 98.5, 112.1, 99.2, 96.9, 79.0, 90.8, 93.2, 75.6, 87.2, 95.2, 93.2, 106.3, 94.5, 105.2, 86.3, 97.7, 91.3, 99.0, 99.2, 86.5, 98.9, 96.5, 86.4, 88.9, 101.6, 87.4, 99.5, 101.5, 119.5, 103.0, 98.2, 100.3, 94.1, 87.8, 108.3, 118.9, 101.1, 86.1, 92.6, 80.2, 92.3, 100.4, 96.5, 88.7, 96.3, 93.9, 99.2, 103.7, 108.6, 99.1, 89.0, 78.6, 86.8, 100.7, 97.9, 91.4, 89.8, 111.9, 92.6, 83.4]
